39708.7818
39709.2225
39707.1304
39722.0929
39730.5114
39736.068
39732.9586
39747.214
39753.299
39757.5265
39758.0976
39710.3249
39701.6412
39722.3312
39710.3787
39705.8113
39685.7222
39669.4818
39681.44
39731.9645
39736.0083
39743.5796
39746.9528
39761.4511
39757.3367
39774.8111
39778.1811
39793.9792
39775.303
39757.9641
39767.86
39761.7518
39761.3018
39758.1012
39753.2667
39728.8201
39727.9825
39716.5761
39713.4817
39718.8908
39757.7408
39791.2194
39800.925
39807.4724
39693.65
39713.9789
39788.6648
39822.3113
39792.4019
39749.4688
39750.0741
39723.4756
39719.5441
39729.4578
39743.9955
39756.1803
39753.9803
39752.1081
39752.3708
39718.9527
39719.0551
39722.4887
39725.6003
39689.4329
39684.9291
39686.4289
39694.5275
39682.3316
39681.3387
39634.7621
39652.8076
39632.5262
39624.7863
39628.3132
39635.0231
39643.5215
39637.4425
39651.9399
39650.0497
39670.6216
39673.7161
39652.935
39652.5475
39612.7032
39609.0929
39603.271
39606.1664
39613.2406
39604.2627
39595.2282
39565.1298
39592.8757
39570.461
39588.4442
39597.6288
39602.4822
39586.0927
39575.2051
39594.0922
39600.3982
39578.9091
39593.8375
39585.7824
39585.5172
39590.3034
39590.28
39608.7151
39612.2934
39607.4636
39586.0004
39587.2691
39589.3847
39607.9326
39590.4686
39624.3481
39615.2448
39597.3437
39602.5646
39598.6661
39592.7303
39608.7566
39623.1138
39611.6042
39609.7475
39616.4052
39642.9053
39620.0214
39621.4399
39633.7985
39640.6918
39647.4576
39653.0725
39660.2769
39660.0427
39656.6368
39632.234
39634.0997
39637.1185
39619.2923
39620.8316
39590.9273
39615.5657
39638.5297
39697.0952
39688.9605
39658.8333
39658.4145
39615.8423
39604.8953
39601.5499
39616.5299
39602.8144
39600.69
39603.803
39607.5828
39631.3594
39648.9508
39615.1187
39591.3401
39573.133
39553.6562
39592.9801
39558.3253
39540.6323
39507.5419
39506.5301
39500.8512
39516.0343
39498.8514
39481.3599
39505.1895
39501.5353
39498.6552
39488.4367
39494.173
39508.6399
39506.7248
39508.9229
39507.7712
39521.6457
39521.9486
39512.4305
39515.7952
39495.5836
39531.2924
39530.6804
39523.9805
39524.7146
39524.6427
39526.7808
39546.8188
39542.1421
39535.4131
39541.2939
39549.9971
39547.7966
39546.8788
39547.9566
39552.6796
39529.7293
39516.5005
39509.6831
39529.6408
39532.6667
39509.071
39500.6171
39513.0913
39502.9729
39510.5997
39510.2812
39486.4615
39481.3456
39446.4216
39466.1646
39487.6619
39489.878
39494.3518
39496.217
39506.688
39486.3891
39498.3402
39515.2622
39509.8916
39514.111
39509.2809
39487.2425
39488.2097
39466.5871
39463.7589
39478.0829
39485.4693
39483.1783
39494.4246
39496.9271
39496.0642
39470.9953
39488.4251
39489.285
39495.8806
39491.085
39477.4056
39482.6633
39499.1452
39495.2917
39544.8792
39542.125
39547.6486
39551.0583
39544.6603
39545.19
39516.9542
39519.2833
39503.6133
39503.2567
39506.3077
39509.3417
39509.8946
39509.1917
39474.6901
39477.9767
39461.0949
39464.9267
39478.581
39481.73
39515.0954
39515.44
39519.2208
39518.2333
39515.4068
39516.4583
39531.8054
39528.5933
39519.4053
39519.8667
39514.0488
39518.7617
39517.8325
39519.65
39501.8786
39497.07
39467.205
39480.7317
39462.161
39470.6967
39451.5476
39460.5583
39458.0071
39464.1233
39452.758
39457.4833
39444.099
39452.6717
39444.021
39453.4733
39445.1238
39452.9017
39437.8058
39444.32
39441.9589
39446.9017
39470.7542
39471.715
39461.8567
39471.2583
39468.4113
39471.625
39479.5533
39479.9583
39485.9646
39488.1317
39476.4351
39480.2083
39474.8897
39484.645
39492.1561
39493.9083
39473.1116
39483.4417
39478.5706
39485.4617
39478.1624
39486.725
39467.1931
39481.23
39492.7519
39498.4417
39516.0687
39519.9717
39530.5431
39526.9633
39526.4961
39532.4633
39533.7492
39535.6033
39544.6307
39543.41
39535.9938
39540.6683
39550.5472
39552.7817
39556.5518
39556.3383
39555.0638
39555.4883
39555.1878
39558.5583
39566.3597
39558.5767
39527.9476
39538.025
39543.1197
39544.045
39528.5894
39539.2733
39527.9876
39537.3
39496.2627
39502.4667
39465.3446
39470.195
39443.3949
39441.48
39423.9551
39435.3117
39355.6439
39356.8317
39343.5149
39330.785
39340.0846
39362.6483
39313.0471
39330.665
39332.2266
39340.3917
39366.2908
39367.7133
39349.1159
39356.78
39376.3918
39391.0033
39390.5815
39393.4583
39395.6161
39401.7133
39381.7892
39392.8067
39382.964
39394.0067
39412.379
39419.2717
39438.0795
39444.6283
39457.0386
39461.1667
39445.3476
39452.3133
39486.9822
39493.015
39493.6913
39503.7617
39478.6901
39490.7433
39490.4757
39498.6083
39498.2931
39501.5817
39473.1761
39495.9583
39498.2062
39509.725
39510.7872
39514.2933
39502.9999
39512.8767
39473.5415
39479.8283
39466.9933
39477.7167
39522.0501
39531.3867
39527.4727
39537.6767
39537.4976
39540.325
39524.9748
39538.675
39546.3635
39548.7133
39545.3173
39547.5417
39560.5783
39557.7667
39530.1173
39535.055
39536.5331
39540.2017
39540.2989
39542.1333
39542.0347
39544.49
39552.3563
39554.8017
39570.7929
39572.5467
39582.6012
39581.43
39575.5262
39572.4883
39576.2679
39573.6333
39559.7474
39569.5583
39567.8859
39572.6433
39553.8198
39564.5683
39531.4431
39540.8017
39549.7258
39554.4817
39540.2587
39546.555
39539.5106
39544.7917
39533.0053
39541.56
39537.7145
39544.1717
39537.9399
39545.1567
39536.4535
39549.8683
39555.4199
39556.9533
39555.0231
39555.0483
39567.6143
39568.8783
39585.6039
39578.3583
39570.2548
39568.685
39580.2173
39579.275
39585.6973
39586.9117
39586.8775
39584.9283
39577.6993
39580.7367
39580.8748
39582.5867
39585.8417
39586.8033
39570.9243
39578.7583
39582.1971
39586.1733
39586.871
39589.12
39574.4273
39580.9617
39557.1771
39566.5267
39575.241
39580.4367
39585.672
39592.2733
39581.5785
39590.8167
39580.5324
39586.4483
39600.3491
39604.4633
39599.3619
39607.3183
39607.8921
39607.8083
39605.1209
39608.6517
39612.082
39611.0967
39607.0563
39608.425
39606.8527
39608.4533
39602.4659
39603.9367
39611.691
39611.1733
39614.5413
39613.42
39618.8209
39611.7417
39617.7275
39612.7917
39621.6559
39612.105
39610.3425
39605.4667
39594.7647
39597.22
39595.0437
39595.86
39582.9738
39596.0317
39581.3768
39591.1233
39575.2561
39583.2767
39583.7252
39585.4833
39580.9103
39586.245
39581.358
39585.25
39580.2853
39588.4833
39581.4305
39586.0017
39591.6148
39585.6067
39575.6951
39577.53
39566.5033
39574.43
39581.5822
39582.34
39566.061
39571.7033
39576.0571
39583.25
39587.0891
39590.6417
39592.8341
39595.8683
39581.9825
39587.1233
39580.3666
39591.0333
39596.3529
39597.2133
39588.7766
39595.835
39604.6615
39602.0317
39615.1532
39647.2017
39660.8151
39671.6083
39659.0798
39665.8067
39657.6904
39665.4483
39673.7612
39679.8683
39649.8393
39656.485
39651.2721
39662.5217
39647.649
39657.09
39648.2646
39653.8717
39634.1697
39649.6367
39616.9833
39630.99
39626.1457
39635.1617
39614.965
39631.1717
39617.7467
39631.6383
39618.7078
39630.3867
39617.2659
39630.6583
39616.5293
39625.49
39614.1535
39621.7567
39617.7975
39623.1467
39591.248
39601.1833
39612.9668
39617.52
39610.0313
39615.02
39610.5934
39614.8933
39607.9199
39614.56
39607.4488
39612.7417
39621.2726
39617.355
39623.068
39621.6883
39622.2846
39621.76
39613.5124
39618.65
39608.2367
39609.7183
39610.8836
39616.0017
39603.0585
39614.8717
39610.1965
39615.5817
39606.5128
39616.12
39589.9592
39605.0267
39597.6154
39605.84
39596.3149
39606.845
39595.9551
39606.61
39611.1413
39616.8717
39606.5988
39614.06
39610.4584
39616.26
39616.0201
39616.3667
39600.6228
39613.77
39606.5384
39613.5083
39605.9462
39612.3417
39607.2277
39614.3633
39600.0043
39610.0483
39598.9657
39610.3417
39609.6175
39614.8033
39599.0171
39613.3117
39616.4623
39620.4267
39626.5607
39625.19
39623.034
39626.62
39623.1358
39626.6167
39624.0621
39627.9883
39618.1522
39623.9767
39618.0075
39623.19
39617.3997
39622.6667
39626.6624
39626.255
39634.7206
39637.185
39620.8997
39625.5983
39630.5259
39631.5483
39642.3639
39637.26
39624.55
39631.2333
39623.1266
39616.1283
39600.5113
39608.4933
39632.5996
39622.85
39659.7821
39649.04
39646.9016
39644.935
39637.7452
39638.5917
39640.1715
39643.46
39639.499
39642.725
39633.2299
39639.96
39626.5777
39630.8117
39632.8624
39635.1833
39635.7997
39635.6617
39641.8579
39644.5433
39640.1352
39639.77
39627.767
39627.4767
39634.1857
39635.1217
39634.1916
39635.6833
39634.3001
39635.94
39627.543
39630.0967
39616.0087
39619.29
39603.5564
39608.865
39585.8848
39596.7383
39595.865
39597.24
39589.9549
39591.4533
39593.5854
39593.1167
39594.9138
39592.15
39593.2181
39593.2617
39591.0337
39591.725
39594.9622
39598.9333
39615.8226
39608.9283
39610.0146
39606.475
39603.041
39604.4817
39607.4604
39605.1583
39604.0746
39604.4983
39597.5566
39587.5217
39569.1808
39573.6733
39575.2364
39580.175
39587.5078
39581.2167
39590.2964
39582.92
39587.6309
39581.26
39593.2455
39586.5
39596.2109
39588.6933
39613.3821
39606.6417
39609.0163
39606.6917
39604.985
39600.8683
39612.541
39603.7333
39618.8419
39611.315
39621.7884
39613.335
39593.4759
39594.0167
39584.7087
39589.4933
39578.2877
39586.0967
39583.6275
39588.855
39585.9598
39592.5417
39580.848
39587.555
39579.5249
39586.21
39572.7644
39581.9383
39557.6362
39564.3483
39568.3218
39574.155
39589.1816
39588.77
39594.44
39584.9117
39568.022
39573.8417
39567.2536
39570.9683
39572.1022
39575.0067
39574.3465
39575.5933
39569.5676
39575.0917
39573.9407
39575.37
39575.5172
39575.8833
39573.1815
39576.065
39573.4961
39577.1933
39606.7921
39600.4517
39614.4135
39607.2667
39632.1854
39628.7717
39631.8061
39631.2517
39619.2313
39622.2283
39633.5254
39626.9517
39633.221
39629.73
39637.2502
39637.4617
39629.7905
39634.9167
39651.6299
39645.8633
39662.518
39658.3933
39657.3788
39652.8917
39646.5909
39645.695
39644.3958
39646.3683
39645.371
39647.0033
39654.7921
39652.4767
39657.5398
39652.7933
39657.3032
39652.9967
39659.2974
39654.9917
39653.9024
39649.5917
39670.3542
39664.3067
39669.3184
39664.9833
39685.8568
39677.845
39681.2886
39679.5967
39688.668
39675.3283
39686.5468
39681.5467
39686.0469
39682.6083
39667.004
39669.8883
39661.2043
39663.2283
39637.873
39637.7217
39632.8876
39630.7933
39629.1639
39625.7067
39626.2721
39627.8767
39646.6772
39644.3083
39624.0077
39619.115
39609.5381
39613.105
39607.2815
39606.0167
39609.6253
39608.0767
39583.1085
39583.3417
39579.9219
39588.305
39590.774
39587.2867
39585.9691
39582.015
39578.8663
39582.3283
39577.9551
39582.1117
39570.3504
39576.0417
39571.4932
39577.0183
39578.2617
39578.6717
39592.3619
39590.5333
39584.1963
39581.3417
39580.5162
39581.2467
39593.8037
39590.7633
39593.5251
39592.9633
39604.9345
39598.33
39602.7697
39596.2867
39598.5506
39595.1267
39583.2352
39585.37
39584.7178
39584.8683
39579.3611
39582.785
39586.7385
39586.7317
39582.4051
39584.49
39581.0495
39583.9083
39577.9588
39581.6517
39577.7641
39581.9183
39573.2353
39579.9467
39582.4401
39581.645
39588.3865
39585.9483
39577.1157
39584.3733
39576.2744
39580.3733
39578.2108
39581.8217
39582.4048
39582.135
39585.3849
39584.22
39591.3007
39589.0583
39599.6203
39595.5917
39599.9906
39595.9083
39586.563
39585.975
39579.5296
39584.5567
39565.2961
39575.3233
39553.8634
39561.1633
39535.1527
39533.955
39547.4373
39550.45
39556.6965
39552.2717
39547.3662
39544.1967
39529.862
39536.375
39527.2264
39534.38
39520.0481
39532.47
39519.8773
39530.9933
39528.8979
39535.96
39537.4764
39540.49
39539.3094
39541.5917
39552.1862
39549.3567
39533.4965
39535.3817
39533.0472
39534.86
39533.1103
39534.99
39536.5852
39538.07
39556.6653
39557.0567
39559.4581
39555.5317
39556.5441
39556.905
39555.9241
39557.4733
39557.8519
39558.5183
39573.4329
39569.2217
39573.5993
39576.0717
39568.0504
39569.7383
39575.4283
39573.385
39570.9367
39572.0567
39565.3066
39572.4383
39579.1543
39579.01
39576.0254
39578.895
39577.434
39578.7717
39572.7766
39578.14
39581.0504
39582.7367
39584.3536
39584.0917
39583.5875
39583.7583
39584.252
39584.5083
39586.0278
39589.2917
39599.5945
39597.6433
39604.4927
39605.35
39597.9065
39603.9633
39602.8823
39603.9167
39597.9746
39601.6017
39597.0958
39601.2683
